2023/01/19-08:31:42.284839 7f2bbe351ac0 RocksDB version: 6.17.0
2023/01/19-08:31:42.285032 7f2bbe351ac0 Git sha 0
2023/01/19-08:31:42.285084 7f2bbe351ac0 DB SUMMARY
2023/01/19-08:31:42.285086 7f2bbe351ac0 DB Session ID:  2JLLQRF3IE51OSNY01G9
2023/01/19-08:31:42.285098 7f2bbe351ac0 SST files in /home/marcols/motokobootcamp2023-coreproject/.dfx/network/local/state/replicated_state/node-100/ic_consensus_pool/certification dir, Total Num: 0, files: 
2023/01/19-08:31:42.285100 7f2bbe351ac0 Write Ahead Log file in /home/marcols/motokobootcamp2023-coreproject/.dfx/network/local/state/replicated_state/node-100/ic_consensus_pool/certification: 
2023/01/19-08:31:42.285101 7f2bbe351ac0                         Options.error_if_exists: 0
2023/01/19-08:31:42.285102 7f2bbe351ac0                       Options.create_if_missing: 1
2023/01/19-08:31:42.285103 7f2bbe351ac0                         Options.paranoid_checks: 1
2023/01/19-08:31:42.285103 7f2bbe351ac0                               Options.track_and_verify_wals_in_manifest: 0
2023/01/19-08:31:42.285104 7f2bbe351ac0                                     Options.env: 0x564441a199c0
2023/01/19-08:31:42.285106 7f2bbe351ac0                                      Options.fs: Posix File System
2023/01/19-08:31:42.285107 7f2bbe351ac0                                Options.info_log: 0x56448772b5c0
2023/01/19-08:31:42.285108 7f2bbe351ac0                Options.max_file_opening_threads: 16
2023/01/19-08:31:42.285109 7f2bbe351ac0                              Options.statistics: (nil)
2023/01/19-08:31:42.285110 7f2bbe351ac0                               Options.use_fsync: 1
2023/01/19-08:31:42.285111 7f2bbe351ac0                       Options.max_log_file_size: 0
2023/01/19-08:31:42.285112 7f2bbe351ac0                  Options.max_manifest_file_size: 1073741824
2023/01/19-08:31:42.285114 7f2bbe351ac0                   Options.log_file_time_to_roll: 0
2023/01/19-08:31:42.285114 7f2bbe351ac0                       Options.keep_log_file_num: 1000
2023/01/19-08:31:42.285115 7f2bbe351ac0                    Options.recycle_log_file_num: 0
2023/01/19-08:31:42.285119 7f2bbe351ac0                         Options.allow_fallocate: 1
2023/01/19-08:31:42.285121 7f2bbe351ac0                        Options.allow_mmap_reads: 0
2023/01/19-08:31:42.285122 7f2bbe351ac0                       Options.allow_mmap_writes: 0
2023/01/19-08:31:42.285123 7f2bbe351ac0                        Options.use_direct_reads: 0
2023/01/19-08:31:42.285124 7f2bbe351ac0                        Options.use_direct_io_for_flush_and_compaction: 0
2023/01/19-08:31:42.285125 7f2bbe351ac0          Options.create_missing_column_families: 1
2023/01/19-08:31:42.285126 7f2bbe351ac0                              Options.db_log_dir: 
2023/01/19-08:31:42.285127 7f2bbe351ac0                                 Options.wal_dir: /home/marcols/motokobootcamp2023-coreproject/.dfx/network/local/state/replicated_state/node-100/ic_consensus_pool/certification
2023/01/19-08:31:42.285128 7f2bbe351ac0                Options.table_cache_numshardbits: 6
2023/01/19-08:31:42.285129 7f2bbe351ac0                         Options.WAL_ttl_seconds: 0
2023/01/19-08:31:42.285130 7f2bbe351ac0                       Options.WAL_size_limit_MB: 0
2023/01/19-08:31:42.285131 7f2bbe351ac0                        Options.max_write_batch_group_size_bytes: 1048576
2023/01/19-08:31:42.285132 7f2bbe351ac0             Options.manifest_preallocation_size: 4194304
2023/01/19-08:31:42.285133 7f2bbe351ac0                     Options.is_fd_close_on_exec: 1
2023/01/19-08:31:42.285134 7f2bbe351ac0                   Options.advise_random_on_open: 1
2023/01/19-08:31:42.285135 7f2bbe351ac0                    Options.db_write_buffer_size: 0
2023/01/19-08:31:42.285140 7f2bbe351ac0                    Options.write_buffer_manager: 0x5644876fe050
2023/01/19-08:31:42.285142 7f2bbe351ac0         Options.access_hint_on_compaction_start: 1
2023/01/19-08:31:42.285143 7f2bbe351ac0  Options.new_table_reader_for_compaction_inputs: 0
2023/01/19-08:31:42.285144 7f2bbe351ac0           Options.random_access_max_buffer_size: 1048576
2023/01/19-08:31:42.285145 7f2bbe351ac0                      Options.use_adaptive_mutex: 0
2023/01/19-08:31:42.285178 7f2bbe351ac0                            Options.rate_limiter: (nil)
2023/01/19-08:31:42.285181 7f2bbe351ac0     Options.sst_file_manager.rate_bytes_per_sec: 0
2023/01/19-08:31:42.285182 7f2bbe351ac0                       Options.wal_recovery_mode: 2
2023/01/19-08:31:42.285182 7f2bbe351ac0                  Options.enable_thread_tracking: 0
2023/01/19-08:31:42.285183 7f2bbe351ac0                  Options.enable_pipelined_write: 0
2023/01/19-08:31:42.285184 7f2bbe351ac0                  Options.unordered_write: 0
2023/01/19-08:31:42.285185 7f2bbe351ac0         Options.allow_concurrent_memtable_write: 1
2023/01/19-08:31:42.285185 7f2bbe351ac0      Options.enable_write_thread_adaptive_yield: 1
2023/01/19-08:31:42.285186 7f2bbe351ac0             Options.write_thread_max_yield_usec: 100
2023/01/19-08:31:42.285187 7f2bbe351ac0            Options.write_thread_slow_yield_usec: 3
2023/01/19-08:31:42.285187 7f2bbe351ac0                               Options.row_cache: None
2023/01/19-08:31:42.285188 7f2bbe351ac0                              Options.wal_filter: None
2023/01/19-08:31:42.285190 7f2bbe351ac0             Options.avoid_flush_during_recovery: 0
2023/01/19-08:31:42.285191 7f2bbe351ac0             Options.allow_ingest_behind: 0
2023/01/19-08:31:42.285192 7f2bbe351ac0             Options.preserve_deletes: 0
2023/01/19-08:31:42.285192 7f2bbe351ac0             Options.two_write_queues: 0
2023/01/19-08:31:42.285193 7f2bbe351ac0             Options.manual_wal_flush: 0
2023/01/19-08:31:42.285194 7f2bbe351ac0             Options.atomic_flush: 0
2023/01/19-08:31:42.285195 7f2bbe351ac0             Options.avoid_unnecessary_blocking_io: 0
2023/01/19-08:31:42.285196 7f2bbe351ac0                 Options.persist_stats_to_disk: 0
2023/01/19-08:31:42.285197 7f2bbe351ac0                 Options.write_dbid_to_manifest: 0
2023/01/19-08:31:42.285198 7f2bbe351ac0                 Options.log_readahead_size: 0
2023/01/19-08:31:42.285198 7f2bbe351ac0                 Options.file_checksum_gen_factory: Unknown
2023/01/19-08:31:42.285199 7f2bbe351ac0                 Options.best_efforts_recovery: 0
2023/01/19-08:31:42.285200 7f2bbe351ac0                Options.max_bgerror_resume_count: 2147483647
2023/01/19-08:31:42.285201 7f2bbe351ac0            Options.bgerror_resume_retry_interval: 1000000
2023/01/19-08:31:42.285201 7f2bbe351ac0             Options.allow_data_in_errors: 0
2023/01/19-08:31:42.285202 7f2bbe351ac0             Options.db_host_id: __hostname__
2023/01/19-08:31:42.285203 7f2bbe351ac0             Options.max_background_jobs: 2
2023/01/19-08:31:42.285203 7f2bbe351ac0             Options.max_background_compactions: -1
2023/01/19-08:31:42.285204 7f2bbe351ac0             Options.max_subcompactions: 1
2023/01/19-08:31:42.285205 7f2bbe351ac0             Options.avoid_flush_during_shutdown: 0
2023/01/19-08:31:42.285206 7f2bbe351ac0           Options.writable_file_max_buffer_size: 1048576
2023/01/19-08:31:42.285207 7f2bbe351ac0             Options.delayed_write_rate : 16777216
2023/01/19-08:31:42.285208 7f2bbe351ac0             Options.max_total_wal_size: 0
2023/01/19-08:31:42.285208 7f2bbe351ac0             Options.delete_obsolete_files_period_micros: 21600000000
2023/01/19-08:31:42.285209 7f2bbe351ac0                   Options.stats_dump_period_sec: 600
2023/01/19-08:31:42.285210 7f2bbe351ac0                 Options.stats_persist_period_sec: 600
2023/01/19-08:31:42.285211 7f2bbe351ac0                 Options.stats_history_buffer_size: 1048576
2023/01/19-08:31:42.285211 7f2bbe351ac0                          Options.max_open_files: -1
2023/01/19-08:31:42.285212 7f2bbe351ac0                          Options.bytes_per_sync: 0
2023/01/19-08:31:42.285213 7f2bbe351ac0                      Options.wal_bytes_per_sync: 0
2023/01/19-08:31:42.285214 7f2bbe351ac0                   Options.strict_bytes_per_sync: 0
2023/01/19-08:31:42.285215 7f2bbe351ac0       Options.compaction_readahead_size: 0
2023/01/19-08:31:42.285216 7f2bbe351ac0                  Options.max_background_flushes: -1
2023/01/19-08:31:42.285217 7f2bbe351ac0 Compression algorithms supported:
2023/01/19-08:31:42.285229 7f2bbe351ac0 	kZSTDNotFinalCompression supported: 1
2023/01/19-08:31:42.285231 7f2bbe351ac0 	kZSTD supported: 1
2023/01/19-08:31:42.285232 7f2bbe351ac0 	kXpressCompression supported: 0
2023/01/19-08:31:42.285233 7f2bbe351ac0 	kLZ4HCCompression supported: 1
2023/01/19-08:31:42.285234 7f2bbe351ac0 	kLZ4Compression supported: 1
2023/01/19-08:31:42.285235 7f2bbe351ac0 	kBZip2Compression supported: 1
2023/01/19-08:31:42.285235 7f2bbe351ac0 	kZlibCompression supported: 1
2023/01/19-08:31:42.285236 7f2bbe351ac0 	kSnappyCompression supported: 1
2023/01/19-08:31:42.285241 7f2bbe351ac0 Fast CRC32 supported: Supported on x86
2023/01/19-08:31:42.289632 7f2bbe351ac0 [db/db_impl/db_impl_open.cc:283] Creating manifest 1 
2023/01/19-08:31:42.304665 7f2bbe351ac0 [db/version_set.cc:4758] Recovering from manifest file: /home/marcols/motokobootcamp2023-coreproject/.dfx/network/local/state/replicated_state/node-100/ic_consensus_pool/certification/MANIFEST-000001
2023/01/19-08:31:42.304835 7f2bbe351ac0 [db/column_family.cc:595] --------------- Options for column family [default]:
2023/01/19-08:31:42.304838 7f2bbe351ac0               Options.comparator: leveldb.BytewiseComparator
2023/01/19-08:31:42.304840 7f2bbe351ac0           Options.merge_operator: None
2023/01/19-08:31:42.304841 7f2bbe351ac0        Options.compaction_filter: None
2023/01/19-08:31:42.304842 7f2bbe351ac0        Options.compaction_filter_factory: None
2023/01/19-08:31:42.304843 7f2bbe351ac0  Options.sst_partitioner_factory: None
2023/01/19-08:31:42.304844 7f2bbe351ac0         Options.memtable_factory: SkipListFactory
2023/01/19-08:31:42.304844 7f2bbe351ac0            Options.table_factory: BlockBasedTable
2023/01/19-08:31:42.304867 7f2bbe351ac0            table_factory options:   flush_block_policy_factory: FlushBlockBySizePolicyFactory (0x564487739840)
  cache_index_and_filter_blocks: 0
  cache_index_and_filter_blocks_with_high_priority: 1
  pin_l0_filter_and_index_blocks_in_cache: 0
  pin_top_level_index_and_filter: 1
  index_type: 0
  data_block_index_type: 0
  index_shortening: 1
  data_block_hash_table_util_ratio: 0.750000
  hash_index_allow_collision: 1
  checksum: 1
  no_block_cache: 0
  block_cache: 0x564487831bc0
  block_cache_name: LRUCache
  block_cache_options:
    capacity : 8388608
    num_shard_bits : 4
    strict_capacity_limit : 0
    memory_allocator : None
    high_pri_pool_ratio: 0.000
  block_cache_compressed: (nil)
  persistent_cache: (nil)
  block_size: 4096
  block_size_deviation: 10
  block_restart_interval: 16
  index_block_restart_interval: 1
  metadata_block_size: 4096
  partition_filters: 0
  use_delta_encoding: 1
  filter_policy: nullptr
  whole_key_filtering: 1
  verify_compression: 0
  read_amp_bytes_per_bit: 0
  format_version: 4
  enable_index_compression: 1
  block_align: 0
2023/01/19-08:31:42.304869 7f2bbe351ac0        Options.write_buffer_size: 67108864
2023/01/19-08:31:42.304869 7f2bbe351ac0  Options.max_write_buffer_number: 2
2023/01/19-08:31:42.304870 7f2bbe351ac0          Options.compression: Snappy
2023/01/19-08:31:42.304871 7f2bbe351ac0                  Options.bottommost_compression: Disabled
2023/01/19-08:31:42.304872 7f2bbe351ac0       Options.prefix_extractor: nullptr
2023/01/19-08:31:42.304873 7f2bbe351ac0   Options.memtable_insert_with_hint_prefix_extractor: nullptr
2023/01/19-08:31:42.304874 7f2bbe351ac0             Options.num_levels: 7
2023/01/19-08:31:42.304874 7f2bbe351ac0        Options.min_write_buffer_number_to_merge: 1
2023/01/19-08:31:42.304875 7f2bbe351ac0     Options.max_write_buffer_number_to_maintain: 0
2023/01/19-08:31:42.304876 7f2bbe351ac0     Options.max_write_buffer_size_to_maintain: 0
2023/01/19-08:31:42.304877 7f2bbe351ac0            Options.bottommost_compression_opts.window_bits: -14
2023/01/19-08:31:42.304878 7f2bbe351ac0                  Options.bottommost_compression_opts.level: 32767
2023/01/19-08:31:42.304879 7f2bbe351ac0               Options.bottommost_compression_opts.strategy: 0
2023/01/19-08:31:42.304880 7f2bbe351ac0         Options.bottommost_compression_opts.max_dict_bytes: 0
2023/01/19-08:31:42.304965 7f2bbe351ac0         Options.bottommost_compression_opts.zstd_max_train_bytes: 0
2023/01/19-08:31:42.304967 7f2bbe351ac0         Options.bottommost_compression_opts.parallel_threads: 1
2023/01/19-08:31:42.304968 7f2bbe351ac0                  Options.bottommost_compression_opts.enabled: false
2023/01/19-08:31:42.304969 7f2bbe351ac0            Options.compression_opts.window_bits: -14
2023/01/19-08:31:42.304970 7f2bbe351ac0                  Options.compression_opts.level: 32767
2023/01/19-08:31:42.304971 7f2bbe351ac0               Options.compression_opts.strategy: 0
2023/01/19-08:31:42.304972 7f2bbe351ac0         Options.compression_opts.max_dict_bytes: 0
2023/01/19-08:31:42.304972 7f2bbe351ac0         Options.compression_opts.zstd_max_train_bytes: 0
2023/01/19-08:31:42.304974 7f2bbe351ac0         Options.compression_opts.parallel_threads: 1
2023/01/19-08:31:42.304974 7f2bbe351ac0                  Options.compression_opts.enabled: false
2023/01/19-08:31:42.304975 7f2bbe351ac0      Options.level0_file_num_compaction_trigger: 4
2023/01/19-08:31:42.304976 7f2bbe351ac0          Options.level0_slowdown_writes_trigger: 20
2023/01/19-08:31:42.304977 7f2bbe351ac0              Options.level0_stop_writes_trigger: 36
2023/01/19-08:31:42.304977 7f2bbe351ac0                   Options.target_file_size_base: 67108864
2023/01/19-08:31:42.304978 7f2bbe351ac0             Options.target_file_size_multiplier: 1
2023/01/19-08:31:42.304979 7f2bbe351ac0                Options.max_bytes_for_level_base: 268435456
2023/01/19-08:31:42.304979 7f2bbe351ac0 Options.level_compaction_dynamic_level_bytes: 0
2023/01/19-08:31:42.304980 7f2bbe351ac0          Options.max_bytes_for_level_multiplier: 10.000000
2023/01/19-08:31:42.304983 7f2bbe351ac0 Options.max_bytes_for_level_multiplier_addtl[0]: 1
2023/01/19-08:31:42.304984 7f2bbe351ac0 Options.max_bytes_for_level_multiplier_addtl[1]: 1
2023/01/19-08:31:42.304984 7f2bbe351ac0 Options.max_bytes_for_level_multiplier_addtl[2]: 1
2023/01/19-08:31:42.304985 7f2bbe351ac0 Options.max_bytes_for_level_multiplier_addtl[3]: 1
2023/01/19-08:31:42.304986 7f2bbe351ac0 Options.max_bytes_for_level_multiplier_addtl[4]: 1
2023/01/19-08:31:42.304987 7f2bbe351ac0 Options.max_bytes_for_level_multiplier_addtl[5]: 1
2023/01/19-08:31:42.304987 7f2bbe351ac0 Options.max_bytes_for_level_multiplier_addtl[6]: 1
2023/01/19-08:31:42.304988 7f2bbe351ac0       Options.max_sequential_skip_in_iterations: 8
2023/01/19-08:31:42.304989 7f2bbe351ac0                    Options.max_compaction_bytes: 1677721600
2023/01/19-08:31:42.304989 7f2bbe351ac0                        Options.arena_block_size: 8388608
2023/01/19-08:31:42.304990 7f2bbe351ac0   Options.soft_pending_compaction_bytes_limit: 68719476736
2023/01/19-08:31:42.304991 7f2bbe351ac0   Options.hard_pending_compaction_bytes_limit: 274877906944
2023/01/19-08:31:42.304991 7f2bbe351ac0       Options.rate_limit_delay_max_milliseconds: 100
2023/01/19-08:31:42.304992 7f2bbe351ac0                Options.disable_auto_compactions: 0
2023/01/19-08:31:42.304994 7f2bbe351ac0                        Options.compaction_style: kCompactionStyleLevel
2023/01/19-08:31:42.304996 7f2bbe351ac0                          Options.compaction_pri: kMinOverlappingRatio
2023/01/19-08:31:42.304997 7f2bbe351ac0 Options.compaction_options_universal.size_ratio: 1
2023/01/19-08:31:42.304997 7f2bbe351ac0 Options.compaction_options_universal.min_merge_width: 2
2023/01/19-08:31:42.304998 7f2bbe351ac0 Options.compaction_options_universal.max_merge_width: 4294967295
2023/01/19-08:31:42.304999 7f2bbe351ac0 Options.compaction_options_universal.max_size_amplification_percent: 200
2023/01/19-08:31:42.304999 7f2bbe351ac0 Options.compaction_options_universal.compression_size_percent: -1
2023/01/19-08:31:42.305001 7f2bbe351ac0 Options.compaction_options_universal.stop_style: kCompactionStopStyleTotalSize
2023/01/19-08:31:42.305001 7f2bbe351ac0 Options.compaction_options_fifo.max_table_files_size: 1073741824
2023/01/19-08:31:42.305002 7f2bbe351ac0 Options.compaction_options_fifo.allow_compaction: 0
2023/01/19-08:31:42.305024 7f2bbe351ac0                   Options.table_properties_collectors: 
2023/01/19-08:31:42.305025 7f2bbe351ac0                   Options.inplace_update_support: 0
2023/01/19-08:31:42.305026 7f2bbe351ac0                 Options.inplace_update_num_locks: 10000
2023/01/19-08:31:42.305026 7f2bbe351ac0               Options.memtable_prefix_bloom_size_ratio: 0.000000
2023/01/19-08:31:42.305027 7f2bbe351ac0               Options.memtable_whole_key_filtering: 0
2023/01/19-08:31:42.305028 7f2bbe351ac0   Options.memtable_huge_page_size: 0
2023/01/19-08:31:42.305029 7f2bbe351ac0                           Options.bloom_locality: 0
2023/01/19-08:31:42.305029 7f2bbe351ac0                    Options.max_successive_merges: 0
2023/01/19-08:31:42.305030 7f2bbe351ac0                Options.optimize_filters_for_hits: 0
2023/01/19-08:31:42.305031 7f2bbe351ac0                Options.paranoid_file_checks: 0
2023/01/19-08:31:42.305031 7f2bbe351ac0                Options.force_consistency_checks: 1
2023/01/19-08:31:42.305032 7f2bbe351ac0                Options.report_bg_io_stats: 0
2023/01/19-08:31:42.305033 7f2bbe351ac0                               Options.ttl: 2592000
2023/01/19-08:31:42.305034 7f2bbe351ac0          Options.periodic_compaction_seconds: 0
2023/01/19-08:31:42.305035 7f2bbe351ac0                    Options.enable_blob_files: false
2023/01/19-08:31:42.305035 7f2bbe351ac0                        Options.min_blob_size: 0
2023/01/19-08:31:42.305036 7f2bbe351ac0                       Options.blob_file_size: 268435456
2023/01/19-08:31:42.305037 7f2bbe351ac0                Options.blob_compression_type: NoCompression
2023/01/19-08:31:42.305038 7f2bbe351ac0       Options.enable_blob_garbage_collection: false
2023/01/19-08:31:42.305038 7f2bbe351ac0   Options.blob_garbage_collection_age_cutoff: 0.250000
2023/01/19-08:31:42.308530 7f2bbe351ac0 [db/version_set.cc:4798] Recovered from manifest file:/home/marcols/motokobootcamp2023-coreproject/.dfx/network/local/state/replicated_state/node-100/ic_consensus_pool/certification/MANIFEST-000001 succeeded,manifest_file_number is 1, next_file_number is 3, last_sequence is 0, log_number is 0,prev_log_number is 0,max_column_family is 0,min_log_number_to_keep is 0
2023/01/19-08:31:42.308550 7f2bbe351ac0 [db/version_set.cc:4813] Column family [default] (ID 0), log number is 0
2023/01/19-08:31:42.308730 7f2bbe351ac0 [db/version_set.cc:4112] Creating manifest 3
2023/01/19-08:31:42.327601 7f2bbe351ac0 [db/column_family.cc:595] --------------- Options for column family [CE]:
2023/01/19-08:31:42.327618 7f2bbe351ac0               Options.comparator: leveldb.BytewiseComparator
2023/01/19-08:31:42.327620 7f2bbe351ac0           Options.merge_operator: None
2023/01/19-08:31:42.327624 7f2bbe351ac0        Options.compaction_filter: filter_outdated
2023/01/19-08:31:42.327626 7f2bbe351ac0        Options.compaction_filter_factory: None
2023/01/19-08:31:42.327626 7f2bbe351ac0  Options.sst_partitioner_factory: None
2023/01/19-08:31:42.327627 7f2bbe351ac0         Options.memtable_factory: SkipListFactory
2023/01/19-08:31:42.327628 7f2bbe351ac0            Options.table_factory: BlockBasedTable
2023/01/19-08:31:42.327666 7f2bbe351ac0            table_factory options:   flush_block_policy_factory: FlushBlockBySizePolicyFactory (0x564487785fa0)
  cache_index_and_filter_blocks: 0
  cache_index_and_filter_blocks_with_high_priority: 1
  pin_l0_filter_and_index_blocks_in_cache: 0
  pin_top_level_index_and_filter: 1
  index_type: 0
  data_block_index_type: 0
  index_shortening: 1
  data_block_hash_table_util_ratio: 0.750000
  hash_index_allow_collision: 1
  checksum: 1
  no_block_cache: 0
  block_cache: 0x5644877047e0
  block_cache_name: LRUCache
  block_cache_options:
    capacity : 8388608
    num_shard_bits : 4
    strict_capacity_limit : 0
    memory_allocator : None
    high_pri_pool_ratio: 0.000
  block_cache_compressed: (nil)
  persistent_cache: (nil)
  block_size: 4096
  block_size_deviation: 10
  block_restart_interval: 16
  index_block_restart_interval: 1
  metadata_block_size: 4096
  partition_filters: 0
  use_delta_encoding: 1
  filter_policy: nullptr
  whole_key_filtering: 1
  verify_compression: 0
  read_amp_bytes_per_bit: 0
  format_version: 4
  enable_index_compression: 1
  block_align: 0
2023/01/19-08:31:42.327668 7f2bbe351ac0        Options.write_buffer_size: 67108864
2023/01/19-08:31:42.327669 7f2bbe351ac0  Options.max_write_buffer_number: 2
2023/01/19-08:31:42.327670 7f2bbe351ac0          Options.compression: NoCompression
2023/01/19-08:31:42.327671 7f2bbe351ac0                  Options.bottommost_compression: Disabled
2023/01/19-08:31:42.327671 7f2bbe351ac0       Options.prefix_extractor: nullptr
2023/01/19-08:31:42.327672 7f2bbe351ac0   Options.memtable_insert_with_hint_prefix_extractor: nullptr
2023/01/19-08:31:42.327673 7f2bbe351ac0             Options.num_levels: 7
2023/01/19-08:31:42.327674 7f2bbe351ac0        Options.min_write_buffer_number_to_merge: 1
2023/01/19-08:31:42.327675 7f2bbe351ac0     Options.max_write_buffer_number_to_maintain: 0
2023/01/19-08:31:42.327675 7f2bbe351ac0     Options.max_write_buffer_size_to_maintain: 0
2023/01/19-08:31:42.327676 7f2bbe351ac0            Options.bottommost_compression_opts.window_bits: -14
2023/01/19-08:31:42.327677 7f2bbe351ac0                  Options.bottommost_compression_opts.level: 32767
2023/01/19-08:31:42.327678 7f2bbe351ac0               Options.bottommost_compression_opts.strategy: 0
2023/01/19-08:31:42.327678 7f2bbe351ac0         Options.bottommost_compression_opts.max_dict_bytes: 0
2023/01/19-08:31:42.327679 7f2bbe351ac0         Options.bottommost_compression_opts.zstd_max_train_bytes: 0
2023/01/19-08:31:42.327680 7f2bbe351ac0         Options.bottommost_compression_opts.parallel_threads: 1
2023/01/19-08:31:42.327681 7f2bbe351ac0                  Options.bottommost_compression_opts.enabled: false
2023/01/19-08:31:42.327682 7f2bbe351ac0            Options.compression_opts.window_bits: -14
2023/01/19-08:31:42.327683 7f2bbe351ac0                  Options.compression_opts.level: 32767
2023/01/19-08:31:42.327684 7f2bbe351ac0               Options.compression_opts.strategy: 0
2023/01/19-08:31:42.327685 7f2bbe351ac0         Options.compression_opts.max_dict_bytes: 0
2023/01/19-08:31:42.327686 7f2bbe351ac0         Options.compression_opts.zstd_max_train_bytes: 0
2023/01/19-08:31:42.327686 7f2bbe351ac0         Options.compression_opts.parallel_threads: 1
2023/01/19-08:31:42.327687 7f2bbe351ac0                  Options.compression_opts.enabled: false
2023/01/19-08:31:42.327748 7f2bbe351ac0      Options.level0_file_num_compaction_trigger: 4
2023/01/19-08:31:42.327751 7f2bbe351ac0          Options.level0_slowdown_writes_trigger: 20
2023/01/19-08:31:42.327751 7f2bbe351ac0              Options.level0_stop_writes_trigger: 36
2023/01/19-08:31:42.327752 7f2bbe351ac0                   Options.target_file_size_base: 67108864
2023/01/19-08:31:42.327753 7f2bbe351ac0             Options.target_file_size_multiplier: 1
2023/01/19-08:31:42.327753 7f2bbe351ac0                Options.max_bytes_for_level_base: 268435456
2023/01/19-08:31:42.327754 7f2bbe351ac0 Options.level_compaction_dynamic_level_bytes: 0
2023/01/19-08:31:42.327755 7f2bbe351ac0          Options.max_bytes_for_level_multiplier: 10.000000
2023/01/19-08:31:42.327757 7f2bbe351ac0 Options.max_bytes_for_level_multiplier_addtl[0]: 1
2023/01/19-08:31:42.327758 7f2bbe351ac0 Options.max_bytes_for_level_multiplier_addtl[1]: 1
2023/01/19-08:31:42.327759 7f2bbe351ac0 Options.max_bytes_for_level_multiplier_addtl[2]: 1
2023/01/19-08:31:42.327760 7f2bbe351ac0 Options.max_bytes_for_level_multiplier_addtl[3]: 1
2023/01/19-08:31:42.327760 7f2bbe351ac0 Options.max_bytes_for_level_multiplier_addtl[4]: 1
2023/01/19-08:31:42.327761 7f2bbe351ac0 Options.max_bytes_for_level_multiplier_addtl[5]: 1
2023/01/19-08:31:42.327762 7f2bbe351ac0 Options.max_bytes_for_level_multiplier_addtl[6]: 1
2023/01/19-08:31:42.327763 7f2bbe351ac0       Options.max_sequential_skip_in_iterations: 8
2023/01/19-08:31:42.327763 7f2bbe351ac0                    Options.max_compaction_bytes: 1677721600
2023/01/19-08:31:42.327764 7f2bbe351ac0                        Options.arena_block_size: 8388608
2023/01/19-08:31:42.327765 7f2bbe351ac0   Options.soft_pending_compaction_bytes_limit: 68719476736
2023/01/19-08:31:42.327765 7f2bbe351ac0   Options.hard_pending_compaction_bytes_limit: 274877906944
2023/01/19-08:31:42.327766 7f2bbe351ac0       Options.rate_limit_delay_max_milliseconds: 100
2023/01/19-08:31:42.327767 7f2bbe351ac0                Options.disable_auto_compactions: 1
2023/01/19-08:31:42.327770 7f2bbe351ac0                        Options.compaction_style: kCompactionStyleLevel
2023/01/19-08:31:42.327771 7f2bbe351ac0                          Options.compaction_pri: kMinOverlappingRatio
2023/01/19-08:31:42.327772 7f2bbe351ac0 Options.compaction_options_universal.size_ratio: 1
2023/01/19-08:31:42.327772 7f2bbe351ac0 Options.compaction_options_universal.min_merge_width: 2
2023/01/19-08:31:42.327773 7f2bbe351ac0 Options.compaction_options_universal.max_merge_width: 4294967295
2023/01/19-08:31:42.327774 7f2bbe351ac0 Options.compaction_options_universal.max_size_amplification_percent: 200
2023/01/19-08:31:42.327775 7f2bbe351ac0 Options.compaction_options_universal.compression_size_percent: -1
2023/01/19-08:31:42.327776 7f2bbe351ac0 Options.compaction_options_universal.stop_style: kCompactionStopStyleTotalSize
2023/01/19-08:31:42.327777 7f2bbe351ac0 Options.compaction_options_fifo.max_table_files_size: 1073741824
2023/01/19-08:31:42.327778 7f2bbe351ac0 Options.compaction_options_fifo.allow_compaction: 0
2023/01/19-08:31:42.327788 7f2bbe351ac0                   Options.table_properties_collectors: 
2023/01/19-08:31:42.327789 7f2bbe351ac0                   Options.inplace_update_support: 0
2023/01/19-08:31:42.327790 7f2bbe351ac0                 Options.inplace_update_num_locks: 10000
2023/01/19-08:31:42.327790 7f2bbe351ac0               Options.memtable_prefix_bloom_size_ratio: 0.000000
2023/01/19-08:31:42.327791 7f2bbe351ac0               Options.memtable_whole_key_filtering: 0
2023/01/19-08:31:42.327792 7f2bbe351ac0   Options.memtable_huge_page_size: 0
2023/01/19-08:31:42.327793 7f2bbe351ac0                           Options.bloom_locality: 0
2023/01/19-08:31:42.327794 7f2bbe351ac0                    Options.max_successive_merges: 0
2023/01/19-08:31:42.327794 7f2bbe351ac0                Options.optimize_filters_for_hits: 0
2023/01/19-08:31:42.327795 7f2bbe351ac0                Options.paranoid_file_checks: 0
2023/01/19-08:31:42.327796 7f2bbe351ac0                Options.force_consistency_checks: 1
2023/01/19-08:31:42.327807 7f2bbe351ac0                Options.report_bg_io_stats: 0
2023/01/19-08:31:42.327808 7f2bbe351ac0                               Options.ttl: 2592000
2023/01/19-08:31:42.327809 7f2bbe351ac0          Options.periodic_compaction_seconds: 2592000
2023/01/19-08:31:42.327810 7f2bbe351ac0                    Options.enable_blob_files: false
2023/01/19-08:31:42.327810 7f2bbe351ac0                        Options.min_blob_size: 0
2023/01/19-08:31:42.327811 7f2bbe351ac0                       Options.blob_file_size: 268435456
2023/01/19-08:31:42.327812 7f2bbe351ac0                Options.blob_compression_type: NoCompression
2023/01/19-08:31:42.327813 7f2bbe351ac0       Options.enable_blob_garbage_collection: false
2023/01/19-08:31:42.327813 7f2bbe351ac0   Options.blob_garbage_collection_age_cutoff: 0.250000
2023/01/19-08:31:42.327905 7f2bbe351ac0 [db/db_impl/db_impl.cc:2654] Created column family [CE] (ID 1)
2023/01/19-08:31:42.337733 7f2bbe351ac0 [db/column_family.cc:595] --------------- Options for column family [CES]:
2023/01/19-08:31:42.337749 7f2bbe351ac0               Options.comparator: leveldb.BytewiseComparator
2023/01/19-08:31:42.337750 7f2bbe351ac0           Options.merge_operator: None
2023/01/19-08:31:42.337754 7f2bbe351ac0        Options.compaction_filter: filter_outdated
2023/01/19-08:31:42.337756 7f2bbe351ac0        Options.compaction_filter_factory: None
2023/01/19-08:31:42.337756 7f2bbe351ac0  Options.sst_partitioner_factory: None
2023/01/19-08:31:42.337757 7f2bbe351ac0         Options.memtable_factory: SkipListFactory
2023/01/19-08:31:42.337758 7f2bbe351ac0            Options.table_factory: BlockBasedTable
2023/01/19-08:31:42.337809 7f2bbe351ac0            table_factory options:   flush_block_policy_factory: FlushBlockBySizePolicyFactory (0x56448777c380)
  cache_index_and_filter_blocks: 0
  cache_index_and_filter_blocks_with_high_priority: 1
  pin_l0_filter_and_index_blocks_in_cache: 0
  pin_top_level_index_and_filter: 1
  index_type: 0
  data_block_index_type: 0
  index_shortening: 1
  data_block_hash_table_util_ratio: 0.750000
  hash_index_allow_collision: 1
  checksum: 1
  no_block_cache: 0
  block_cache: 0x564487750960
  block_cache_name: LRUCache
  block_cache_options:
    capacity : 8388608
    num_shard_bits : 4
    strict_capacity_limit : 0
    memory_allocator : None
    high_pri_pool_ratio: 0.000
  block_cache_compressed: (nil)
  persistent_cache: (nil)
  block_size: 4096
  block_size_deviation: 10
  block_restart_interval: 16
  index_block_restart_interval: 1
  metadata_block_size: 4096
  partition_filters: 0
  use_delta_encoding: 1
  filter_policy: nullptr
  whole_key_filtering: 1
  verify_compression: 0
  read_amp_bytes_per_bit: 0
  format_version: 4
  enable_index_compression: 1
  block_align: 0
2023/01/19-08:31:42.337811 7f2bbe351ac0        Options.write_buffer_size: 67108864
2023/01/19-08:31:42.337812 7f2bbe351ac0  Options.max_write_buffer_number: 2
2023/01/19-08:31:42.337813 7f2bbe351ac0          Options.compression: NoCompression
2023/01/19-08:31:42.337813 7f2bbe351ac0                  Options.bottommost_compression: Disabled
2023/01/19-08:31:42.337814 7f2bbe351ac0       Options.prefix_extractor: nullptr
2023/01/19-08:31:42.337815 7f2bbe351ac0   Options.memtable_insert_with_hint_prefix_extractor: nullptr
2023/01/19-08:31:42.337815 7f2bbe351ac0             Options.num_levels: 7
2023/01/19-08:31:42.337816 7f2bbe351ac0        Options.min_write_buffer_number_to_merge: 1
2023/01/19-08:31:42.337817 7f2bbe351ac0     Options.max_write_buffer_number_to_maintain: 0
2023/01/19-08:31:42.337817 7f2bbe351ac0     Options.max_write_buffer_size_to_maintain: 0
2023/01/19-08:31:42.337818 7f2bbe351ac0            Options.bottommost_compression_opts.window_bits: -14
2023/01/19-08:31:42.337819 7f2bbe351ac0                  Options.bottommost_compression_opts.level: 32767
2023/01/19-08:31:42.337819 7f2bbe351ac0               Options.bottommost_compression_opts.strategy: 0
2023/01/19-08:31:42.337820 7f2bbe351ac0         Options.bottommost_compression_opts.max_dict_bytes: 0
2023/01/19-08:31:42.337821 7f2bbe351ac0         Options.bottommost_compression_opts.zstd_max_train_bytes: 0
2023/01/19-08:31:42.337821 7f2bbe351ac0         Options.bottommost_compression_opts.parallel_threads: 1
2023/01/19-08:31:42.337822 7f2bbe351ac0                  Options.bottommost_compression_opts.enabled: false
2023/01/19-08:31:42.337824 7f2bbe351ac0            Options.compression_opts.window_bits: -14
2023/01/19-08:31:42.337824 7f2bbe351ac0                  Options.compression_opts.level: 32767
2023/01/19-08:31:42.337826 7f2bbe351ac0               Options.compression_opts.strategy: 0
2023/01/19-08:31:42.337826 7f2bbe351ac0         Options.compression_opts.max_dict_bytes: 0
2023/01/19-08:31:42.337827 7f2bbe351ac0         Options.compression_opts.zstd_max_train_bytes: 0
2023/01/19-08:31:42.337828 7f2bbe351ac0         Options.compression_opts.parallel_threads: 1
2023/01/19-08:31:42.337829 7f2bbe351ac0                  Options.compression_opts.enabled: false
2023/01/19-08:31:42.337864 7f2bbe351ac0      Options.level0_file_num_compaction_trigger: 4
2023/01/19-08:31:42.337866 7f2bbe351ac0          Options.level0_slowdown_writes_trigger: 20
2023/01/19-08:31:42.337867 7f2bbe351ac0              Options.level0_stop_writes_trigger: 36
2023/01/19-08:31:42.337868 7f2bbe351ac0                   Options.target_file_size_base: 67108864
2023/01/19-08:31:42.337869 7f2bbe351ac0             Options.target_file_size_multiplier: 1
2023/01/19-08:31:42.337870 7f2bbe351ac0                Options.max_bytes_for_level_base: 268435456
2023/01/19-08:31:42.337870 7f2bbe351ac0 Options.level_compaction_dynamic_level_bytes: 0
2023/01/19-08:31:42.337871 7f2bbe351ac0          Options.max_bytes_for_level_multiplier: 10.000000
2023/01/19-08:31:42.337874 7f2bbe351ac0 Options.max_bytes_for_level_multiplier_addtl[0]: 1
2023/01/19-08:31:42.337875 7f2bbe351ac0 Options.max_bytes_for_level_multiplier_addtl[1]: 1
2023/01/19-08:31:42.337875 7f2bbe351ac0 Options.max_bytes_for_level_multiplier_addtl[2]: 1
2023/01/19-08:31:42.337876 7f2bbe351ac0 Options.max_bytes_for_level_multiplier_addtl[3]: 1
2023/01/19-08:31:42.337877 7f2bbe351ac0 Options.max_bytes_for_level_multiplier_addtl[4]: 1
2023/01/19-08:31:42.337878 7f2bbe351ac0 Options.max_bytes_for_level_multiplier_addtl[5]: 1
2023/01/19-08:31:42.337878 7f2bbe351ac0 Options.max_bytes_for_level_multiplier_addtl[6]: 1
2023/01/19-08:31:42.337879 7f2bbe351ac0       Options.max_sequential_skip_in_iterations: 8
2023/01/19-08:31:42.337880 7f2bbe351ac0                    Options.max_compaction_bytes: 1677721600
2023/01/19-08:31:42.337880 7f2bbe351ac0                        Options.arena_block_size: 8388608
2023/01/19-08:31:42.337881 7f2bbe351ac0   Options.soft_pending_compaction_bytes_limit: 68719476736
2023/01/19-08:31:42.337882 7f2bbe351ac0   Options.hard_pending_compaction_bytes_limit: 274877906944
2023/01/19-08:31:42.337882 7f2bbe351ac0       Options.rate_limit_delay_max_milliseconds: 100
2023/01/19-08:31:42.337883 7f2bbe351ac0                Options.disable_auto_compactions: 1
2023/01/19-08:31:42.337886 7f2bbe351ac0                        Options.compaction_style: kCompactionStyleLevel
2023/01/19-08:31:42.337888 7f2bbe351ac0                          Options.compaction_pri: kMinOverlappingRatio
2023/01/19-08:31:42.337889 7f2bbe351ac0 Options.compaction_options_universal.size_ratio: 1
2023/01/19-08:31:42.337889 7f2bbe351ac0 Options.compaction_options_universal.min_merge_width: 2
2023/01/19-08:31:42.337890 7f2bbe351ac0 Options.compaction_options_universal.max_merge_width: 4294967295
2023/01/19-08:31:42.337891 7f2bbe351ac0 Options.compaction_options_universal.max_size_amplification_percent: 200
2023/01/19-08:31:42.337891 7f2bbe351ac0 Options.compaction_options_universal.compression_size_percent: -1
2023/01/19-08:31:42.337893 7f2bbe351ac0 Options.compaction_options_universal.stop_style: kCompactionStopStyleTotalSize
2023/01/19-08:31:42.337893 7f2bbe351ac0 Options.compaction_options_fifo.max_table_files_size: 1073741824
2023/01/19-08:31:42.337894 7f2bbe351ac0 Options.compaction_options_fifo.allow_compaction: 0
2023/01/19-08:31:42.337904 7f2bbe351ac0                   Options.table_properties_collectors: 
2023/01/19-08:31:42.337904 7f2bbe351ac0                   Options.inplace_update_support: 0
2023/01/19-08:31:42.337905 7f2bbe351ac0                 Options.inplace_update_num_locks: 10000
2023/01/19-08:31:42.337906 7f2bbe351ac0               Options.memtable_prefix_bloom_size_ratio: 0.000000
2023/01/19-08:31:42.337907 7f2bbe351ac0               Options.memtable_whole_key_filtering: 0
2023/01/19-08:31:42.337907 7f2bbe351ac0   Options.memtable_huge_page_size: 0
2023/01/19-08:31:42.337908 7f2bbe351ac0                           Options.bloom_locality: 0
2023/01/19-08:31:42.337909 7f2bbe351ac0                    Options.max_successive_merges: 0
2023/01/19-08:31:42.337910 7f2bbe351ac0                Options.optimize_filters_for_hits: 0
2023/01/19-08:31:42.337911 7f2bbe351ac0                Options.paranoid_file_checks: 0
2023/01/19-08:31:42.337911 7f2bbe351ac0                Options.force_consistency_checks: 1
2023/01/19-08:31:42.337929 7f2bbe351ac0                Options.report_bg_io_stats: 0
2023/01/19-08:31:42.337929 7f2bbe351ac0                               Options.ttl: 2592000
2023/01/19-08:31:42.337930 7f2bbe351ac0          Options.periodic_compaction_seconds: 2592000
2023/01/19-08:31:42.337931 7f2bbe351ac0                    Options.enable_blob_files: false
2023/01/19-08:31:42.337932 7f2bbe351ac0                        Options.min_blob_size: 0
2023/01/19-08:31:42.337932 7f2bbe351ac0                       Options.blob_file_size: 268435456
2023/01/19-08:31:42.337933 7f2bbe351ac0                Options.blob_compression_type: NoCompression
2023/01/19-08:31:42.337934 7f2bbe351ac0       Options.enable_blob_garbage_collection: false
2023/01/19-08:31:42.337935 7f2bbe351ac0   Options.blob_garbage_collection_age_cutoff: 0.250000
2023/01/19-08:31:42.338012 7f2bbe351ac0 [db/db_impl/db_impl.cc:2654] Created column family [CES] (ID 2)
2023/01/19-08:31:42.354832 7f2bbe351ac0 [db/db_impl/db_impl_open.cc:1708] SstFileManager instance 0x564487762830
2023/01/19-08:31:42.354902 7f2bbe351ac0 DB pointer 0x56448781cf00
2023/01/19-08:31:45.355407 7f2b5effd640 [db/db_impl/db_impl.cc:927] ------- DUMPING STATS -------
2023/01/19-08:31:45.355454 7f2b5effd640 [db/db_impl/db_impl.cc:929] 
** DB Stats **
Uptime(secs): 3.1 total, 3.1 interval
Cumulative writes: 6 writes, 6 keys, 6 commit groups, 0.9 writes per commit group, ingest: 0.00 GB, 0.00 MB/s
Cumulative WAL: 6 writes, 0 syncs, 6.00 writes per sync, written: 0.00 GB, 0.00 MB/s
Cumulative stall: 00:00:0.000 H:M:S, 0.0 percent
Interval writes: 6 writes, 6 keys, 6 commit groups, 0.9 writes per commit group, ingest: 0.00 MB, 0.00 MB/s
Interval WAL: 6 writes, 0 syncs, 6.00 writes per sync, written: 0.00 MB, 0.00 MB/s
Interval stall: 00:00:0.000 H:M:S, 0.0 percent

** Compaction Stats [default] **
Level    Files   Size     Score Read(GB)  Rn(GB) Rnp1(GB) Write(GB) Wnew(GB) Moved(GB) W-Amp Rd(MB/s) Wr(MB/s) Comp(sec) CompMergeCPU(sec) Comp(cnt) Avg(sec) KeyIn KeyDrop
----------------------------------------------------------------------------------------------------------------------------------------------------------------------------
 Sum      0/0    0.00 KB   0.0      0.0     0.0      0.0       0.0      0.0       0.0   0.0      0.0      0.0      0.00              0.00         0    0.000       0      0
 Int      0/0    0.00 KB   0.0      0.0     0.0      0.0       0.0      0.0       0.0   0.0      0.0      0.0      0.00              0.00         0    0.000       0      0

** Compaction Stats [default] **
Priority    Files   Size     Score Read(GB)  Rn(GB) Rnp1(GB) Write(GB) Wnew(GB) Moved(GB) W-Amp Rd(MB/s) Wr(MB/s) Comp(sec) CompMergeCPU(sec) Comp(cnt) Avg(sec) KeyIn KeyDrop
-------------------------------------------------------------------------------------------------------------------------------------------------------------------------------
Uptime(secs): 3.1 total, 3.1 interval
Flush(GB): cumulative 0.000, interval 0.000
AddFile(GB): cumulative 0.000, interval 0.000
AddFile(Total Files): cumulative 0, interval 0
AddFile(L0 Files): cumulative 0, interval 0
AddFile(Keys): cumulative 0, interval 0
Cumulative compaction: 0.00 GB write, 0.00 MB/s write, 0.00 GB read, 0.00 MB/s read, 0.0 seconds
Interval compaction: 0.00 GB write, 0.00 MB/s write, 0.00 GB read, 0.00 MB/s read, 0.0 seconds
