2023/01/19-08:31:42.101811 7f2bbe351ac0 RocksDB version: 6.17.0
2023/01/19-08:31:42.102379 7f2bbe351ac0 Git sha 0
2023/01/19-08:31:42.102441 7f2bbe351ac0 DB SUMMARY
2023/01/19-08:31:42.102443 7f2bbe351ac0 DB Session ID:  2C4C1WKYCQ9IEGX1AOIW
2023/01/19-08:31:42.102461 7f2bbe351ac0 SST files in /home/marcols/motokobootcamp2023-coreproject/.dfx/network/local/state/replicated_state/node-100/ic_consensus_pool/consensus dir, Total Num: 0, files: 
2023/01/19-08:31:42.102462 7f2bbe351ac0 Write Ahead Log file in /home/marcols/motokobootcamp2023-coreproject/.dfx/network/local/state/replicated_state/node-100/ic_consensus_pool/consensus: 
2023/01/19-08:31:42.102464 7f2bbe351ac0                         Options.error_if_exists: 0
2023/01/19-08:31:42.102465 7f2bbe351ac0                       Options.create_if_missing: 1
2023/01/19-08:31:42.102466 7f2bbe351ac0                         Options.paranoid_checks: 1
2023/01/19-08:31:42.102467 7f2bbe351ac0                               Options.track_and_verify_wals_in_manifest: 0
2023/01/19-08:31:42.102468 7f2bbe351ac0                                     Options.env: 0x564441a199c0
2023/01/19-08:31:42.102469 7f2bbe351ac0                                      Options.fs: Posix File System
2023/01/19-08:31:42.102470 7f2bbe351ac0                                Options.info_log: 0x5644876733c0
2023/01/19-08:31:42.102471 7f2bbe351ac0                Options.max_file_opening_threads: 16
2023/01/19-08:31:42.102472 7f2bbe351ac0                              Options.statistics: (nil)
2023/01/19-08:31:42.102473 7f2bbe351ac0                               Options.use_fsync: 1
2023/01/19-08:31:42.102474 7f2bbe351ac0                       Options.max_log_file_size: 0
2023/01/19-08:31:42.102475 7f2bbe351ac0                  Options.max_manifest_file_size: 1073741824
2023/01/19-08:31:42.102476 7f2bbe351ac0                   Options.log_file_time_to_roll: 0
2023/01/19-08:31:42.102476 7f2bbe351ac0                       Options.keep_log_file_num: 1000
2023/01/19-08:31:42.102477 7f2bbe351ac0                    Options.recycle_log_file_num: 0
2023/01/19-08:31:42.102478 7f2bbe351ac0                         Options.allow_fallocate: 1
2023/01/19-08:31:42.102479 7f2bbe351ac0                        Options.allow_mmap_reads: 0
2023/01/19-08:31:42.102480 7f2bbe351ac0                       Options.allow_mmap_writes: 0
2023/01/19-08:31:42.102481 7f2bbe351ac0                        Options.use_direct_reads: 0
2023/01/19-08:31:42.102482 7f2bbe351ac0                        Options.use_direct_io_for_flush_and_compaction: 0
2023/01/19-08:31:42.102483 7f2bbe351ac0          Options.create_missing_column_families: 1
2023/01/19-08:31:42.102484 7f2bbe351ac0                              Options.db_log_dir: 
2023/01/19-08:31:42.102484 7f2bbe351ac0                                 Options.wal_dir: /home/marcols/motokobootcamp2023-coreproject/.dfx/network/local/state/replicated_state/node-100/ic_consensus_pool/consensus
2023/01/19-08:31:42.102485 7f2bbe351ac0                Options.table_cache_numshardbits: 6
2023/01/19-08:31:42.102486 7f2bbe351ac0                         Options.WAL_ttl_seconds: 0
2023/01/19-08:31:42.102487 7f2bbe351ac0                       Options.WAL_size_limit_MB: 0
2023/01/19-08:31:42.102488 7f2bbe351ac0                        Options.max_write_batch_group_size_bytes: 1048576
2023/01/19-08:31:42.102545 7f2bbe351ac0             Options.manifest_preallocation_size: 4194304
2023/01/19-08:31:42.102547 7f2bbe351ac0                     Options.is_fd_close_on_exec: 1
2023/01/19-08:31:42.102548 7f2bbe351ac0                   Options.advise_random_on_open: 1
2023/01/19-08:31:42.102549 7f2bbe351ac0                    Options.db_write_buffer_size: 0
2023/01/19-08:31:42.102550 7f2bbe351ac0                    Options.write_buffer_manager: 0x564487696750
2023/01/19-08:31:42.102551 7f2bbe351ac0         Options.access_hint_on_compaction_start: 1
2023/01/19-08:31:42.102552 7f2bbe351ac0  Options.new_table_reader_for_compaction_inputs: 0
2023/01/19-08:31:42.102553 7f2bbe351ac0           Options.random_access_max_buffer_size: 1048576
2023/01/19-08:31:42.102554 7f2bbe351ac0                      Options.use_adaptive_mutex: 0
2023/01/19-08:31:42.102593 7f2bbe351ac0                            Options.rate_limiter: (nil)
2023/01/19-08:31:42.102596 7f2bbe351ac0     Options.sst_file_manager.rate_bytes_per_sec: 0
2023/01/19-08:31:42.102598 7f2bbe351ac0                       Options.wal_recovery_mode: 2
2023/01/19-08:31:42.102599 7f2bbe351ac0                  Options.enable_thread_tracking: 0
2023/01/19-08:31:42.102600 7f2bbe351ac0                  Options.enable_pipelined_write: 0
2023/01/19-08:31:42.102600 7f2bbe351ac0                  Options.unordered_write: 0
2023/01/19-08:31:42.102602 7f2bbe351ac0         Options.allow_concurrent_memtable_write: 1
2023/01/19-08:31:42.102603 7f2bbe351ac0      Options.enable_write_thread_adaptive_yield: 1
2023/01/19-08:31:42.102603 7f2bbe351ac0             Options.write_thread_max_yield_usec: 100
2023/01/19-08:31:42.102604 7f2bbe351ac0            Options.write_thread_slow_yield_usec: 3
2023/01/19-08:31:42.102605 7f2bbe351ac0                               Options.row_cache: None
2023/01/19-08:31:42.102606 7f2bbe351ac0                              Options.wal_filter: None
2023/01/19-08:31:42.102607 7f2bbe351ac0             Options.avoid_flush_during_recovery: 0
2023/01/19-08:31:42.102608 7f2bbe351ac0             Options.allow_ingest_behind: 0
2023/01/19-08:31:42.102610 7f2bbe351ac0             Options.preserve_deletes: 0
2023/01/19-08:31:42.102611 7f2bbe351ac0             Options.two_write_queues: 0
2023/01/19-08:31:42.102612 7f2bbe351ac0             Options.manual_wal_flush: 0
2023/01/19-08:31:42.102613 7f2bbe351ac0             Options.atomic_flush: 0
2023/01/19-08:31:42.102614 7f2bbe351ac0             Options.avoid_unnecessary_blocking_io: 0
2023/01/19-08:31:42.102615 7f2bbe351ac0                 Options.persist_stats_to_disk: 0
2023/01/19-08:31:42.102616 7f2bbe351ac0                 Options.write_dbid_to_manifest: 0
2023/01/19-08:31:42.102617 7f2bbe351ac0                 Options.log_readahead_size: 0
2023/01/19-08:31:42.102618 7f2bbe351ac0                 Options.file_checksum_gen_factory: Unknown
2023/01/19-08:31:42.102620 7f2bbe351ac0                 Options.best_efforts_recovery: 0
2023/01/19-08:31:42.102621 7f2bbe351ac0                Options.max_bgerror_resume_count: 2147483647
2023/01/19-08:31:42.102623 7f2bbe351ac0            Options.bgerror_resume_retry_interval: 1000000
2023/01/19-08:31:42.102624 7f2bbe351ac0             Options.allow_data_in_errors: 0
2023/01/19-08:31:42.102625 7f2bbe351ac0             Options.db_host_id: __hostname__
2023/01/19-08:31:42.102626 7f2bbe351ac0             Options.max_background_jobs: 2
2023/01/19-08:31:42.102627 7f2bbe351ac0             Options.max_background_compactions: -1
2023/01/19-08:31:42.102628 7f2bbe351ac0             Options.max_subcompactions: 1
2023/01/19-08:31:42.102629 7f2bbe351ac0             Options.avoid_flush_during_shutdown: 0
2023/01/19-08:31:42.102629 7f2bbe351ac0           Options.writable_file_max_buffer_size: 1048576
2023/01/19-08:31:42.102630 7f2bbe351ac0             Options.delayed_write_rate : 16777216
2023/01/19-08:31:42.102631 7f2bbe351ac0             Options.max_total_wal_size: 0
2023/01/19-08:31:42.102632 7f2bbe351ac0             Options.delete_obsolete_files_period_micros: 21600000000
2023/01/19-08:31:42.102634 7f2bbe351ac0                   Options.stats_dump_period_sec: 600
2023/01/19-08:31:42.102635 7f2bbe351ac0                 Options.stats_persist_period_sec: 600
2023/01/19-08:31:42.102636 7f2bbe351ac0                 Options.stats_history_buffer_size: 1048576
2023/01/19-08:31:42.102637 7f2bbe351ac0                          Options.max_open_files: -1
2023/01/19-08:31:42.102638 7f2bbe351ac0                          Options.bytes_per_sync: 0
2023/01/19-08:31:42.102639 7f2bbe351ac0                      Options.wal_bytes_per_sync: 0
2023/01/19-08:31:42.102640 7f2bbe351ac0                   Options.strict_bytes_per_sync: 0
2023/01/19-08:31:42.102641 7f2bbe351ac0       Options.compaction_readahead_size: 0
2023/01/19-08:31:42.102642 7f2bbe351ac0                  Options.max_background_flushes: -1
2023/01/19-08:31:42.102643 7f2bbe351ac0 Compression algorithms supported:
2023/01/19-08:31:42.102657 7f2bbe351ac0 	kZSTDNotFinalCompression supported: 1
2023/01/19-08:31:42.102664 7f2bbe351ac0 	kZSTD supported: 1
2023/01/19-08:31:42.102665 7f2bbe351ac0 	kXpressCompression supported: 0
2023/01/19-08:31:42.102667 7f2bbe351ac0 	kLZ4HCCompression supported: 1
2023/01/19-08:31:42.102668 7f2bbe351ac0 	kLZ4Compression supported: 1
2023/01/19-08:31:42.102669 7f2bbe351ac0 	kBZip2Compression supported: 1
2023/01/19-08:31:42.102670 7f2bbe351ac0 	kZlibCompression supported: 1
2023/01/19-08:31:42.102671 7f2bbe351ac0 	kSnappyCompression supported: 1
2023/01/19-08:31:42.102679 7f2bbe351ac0 Fast CRC32 supported: Supported on x86
2023/01/19-08:31:42.107153 7f2bbe351ac0 [db/db_impl/db_impl_open.cc:283] Creating manifest 1 
2023/01/19-08:31:42.116770 7f2bbe351ac0 [db/version_set.cc:4758] Recovering from manifest file: /home/marcols/motokobootcamp2023-coreproject/.dfx/network/local/state/replicated_state/node-100/ic_consensus_pool/consensus/MANIFEST-000001
2023/01/19-08:31:42.116973 7f2bbe351ac0 [db/column_family.cc:595] --------------- Options for column family [default]:
2023/01/19-08:31:42.116977 7f2bbe351ac0               Options.comparator: leveldb.BytewiseComparator
2023/01/19-08:31:42.116978 7f2bbe351ac0           Options.merge_operator: None
2023/01/19-08:31:42.116980 7f2bbe351ac0        Options.compaction_filter: None
2023/01/19-08:31:42.116981 7f2bbe351ac0        Options.compaction_filter_factory: None
2023/01/19-08:31:42.116981 7f2bbe351ac0  Options.sst_partitioner_factory: None
2023/01/19-08:31:42.116983 7f2bbe351ac0         Options.memtable_factory: SkipListFactory
2023/01/19-08:31:42.116983 7f2bbe351ac0            Options.table_factory: BlockBasedTable
2023/01/19-08:31:42.117021 7f2bbe351ac0            table_factory options:   flush_block_policy_factory: FlushBlockBySizePolicyFactory (0x564487692c60)
  cache_index_and_filter_blocks: 0
  cache_index_and_filter_blocks_with_high_priority: 1
  pin_l0_filter_and_index_blocks_in_cache: 0
  pin_top_level_index_and_filter: 1
  index_type: 0
  data_block_index_type: 0
  index_shortening: 1
  data_block_hash_table_util_ratio: 0.750000
  hash_index_allow_collision: 1
  checksum: 1
  no_block_cache: 0
  block_cache: 0x564487692cb0
  block_cache_name: LRUCache
  block_cache_options:
    capacity : 8388608
    num_shard_bits : 4
    strict_capacity_limit : 0
    memory_allocator : None
    high_pri_pool_ratio: 0.000
  block_cache_compressed: (nil)
  persistent_cache: (nil)
  block_size: 4096
  block_size_deviation: 10
  block_restart_interval: 16
  index_block_restart_interval: 1
  metadata_block_size: 4096
  partition_filters: 0
  use_delta_encoding: 1
  filter_policy: nullptr
  whole_key_filtering: 1
  verify_compression: 0
  read_amp_bytes_per_bit: 0
  format_version: 4
  enable_index_compression: 1
  block_align: 0
2023/01/19-08:31:42.117036 7f2bbe351ac0        Options.write_buffer_size: 67108864
2023/01/19-08:31:42.117037 7f2bbe351ac0  Options.max_write_buffer_number: 2
2023/01/19-08:31:42.117038 7f2bbe351ac0          Options.compression: Snappy
2023/01/19-08:31:42.117039 7f2bbe351ac0                  Options.bottommost_compression: Disabled
2023/01/19-08:31:42.117040 7f2bbe351ac0       Options.prefix_extractor: nullptr
2023/01/19-08:31:42.117040 7f2bbe351ac0   Options.memtable_insert_with_hint_prefix_extractor: nullptr
2023/01/19-08:31:42.117041 7f2bbe351ac0             Options.num_levels: 7
2023/01/19-08:31:42.117042 7f2bbe351ac0        Options.min_write_buffer_number_to_merge: 1
2023/01/19-08:31:42.117043 7f2bbe351ac0     Options.max_write_buffer_number_to_maintain: 0
2023/01/19-08:31:42.117044 7f2bbe351ac0     Options.max_write_buffer_size_to_maintain: 0
2023/01/19-08:31:42.117044 7f2bbe351ac0            Options.bottommost_compression_opts.window_bits: -14
2023/01/19-08:31:42.117045 7f2bbe351ac0                  Options.bottommost_compression_opts.level: 32767
2023/01/19-08:31:42.117046 7f2bbe351ac0               Options.bottommost_compression_opts.strategy: 0
2023/01/19-08:31:42.117047 7f2bbe351ac0         Options.bottommost_compression_opts.max_dict_bytes: 0
2023/01/19-08:31:42.117106 7f2bbe351ac0         Options.bottommost_compression_opts.zstd_max_train_bytes: 0
2023/01/19-08:31:42.117109 7f2bbe351ac0         Options.bottommost_compression_opts.parallel_threads: 1
2023/01/19-08:31:42.117110 7f2bbe351ac0                  Options.bottommost_compression_opts.enabled: false
2023/01/19-08:31:42.117111 7f2bbe351ac0            Options.compression_opts.window_bits: -14
2023/01/19-08:31:42.117112 7f2bbe351ac0                  Options.compression_opts.level: 32767
2023/01/19-08:31:42.117112 7f2bbe351ac0               Options.compression_opts.strategy: 0
2023/01/19-08:31:42.117113 7f2bbe351ac0         Options.compression_opts.max_dict_bytes: 0
2023/01/19-08:31:42.117114 7f2bbe351ac0         Options.compression_opts.zstd_max_train_bytes: 0
2023/01/19-08:31:42.117115 7f2bbe351ac0         Options.compression_opts.parallel_threads: 1
2023/01/19-08:31:42.117115 7f2bbe351ac0                  Options.compression_opts.enabled: false
2023/01/19-08:31:42.117116 7f2bbe351ac0      Options.level0_file_num_compaction_trigger: 4
2023/01/19-08:31:42.117117 7f2bbe351ac0          Options.level0_slowdown_writes_trigger: 20
2023/01/19-08:31:42.117117 7f2bbe351ac0              Options.level0_stop_writes_trigger: 36
2023/01/19-08:31:42.117118 7f2bbe351ac0                   Options.target_file_size_base: 67108864
2023/01/19-08:31:42.117119 7f2bbe351ac0             Options.target_file_size_multiplier: 1
2023/01/19-08:31:42.117120 7f2bbe351ac0                Options.max_bytes_for_level_base: 268435456
2023/01/19-08:31:42.117121 7f2bbe351ac0 Options.level_compaction_dynamic_level_bytes: 0
2023/01/19-08:31:42.117121 7f2bbe351ac0          Options.max_bytes_for_level_multiplier: 10.000000
2023/01/19-08:31:42.117124 7f2bbe351ac0 Options.max_bytes_for_level_multiplier_addtl[0]: 1
2023/01/19-08:31:42.117125 7f2bbe351ac0 Options.max_bytes_for_level_multiplier_addtl[1]: 1
2023/01/19-08:31:42.117126 7f2bbe351ac0 Options.max_bytes_for_level_multiplier_addtl[2]: 1
2023/01/19-08:31:42.117126 7f2bbe351ac0 Options.max_bytes_for_level_multiplier_addtl[3]: 1
2023/01/19-08:31:42.117127 7f2bbe351ac0 Options.max_bytes_for_level_multiplier_addtl[4]: 1
2023/01/19-08:31:42.117128 7f2bbe351ac0 Options.max_bytes_for_level_multiplier_addtl[5]: 1
2023/01/19-08:31:42.117129 7f2bbe351ac0 Options.max_bytes_for_level_multiplier_addtl[6]: 1
2023/01/19-08:31:42.117129 7f2bbe351ac0       Options.max_sequential_skip_in_iterations: 8
2023/01/19-08:31:42.117130 7f2bbe351ac0                    Options.max_compaction_bytes: 1677721600
2023/01/19-08:31:42.117131 7f2bbe351ac0                        Options.arena_block_size: 8388608
2023/01/19-08:31:42.117131 7f2bbe351ac0   Options.soft_pending_compaction_bytes_limit: 68719476736
2023/01/19-08:31:42.117132 7f2bbe351ac0   Options.hard_pending_compaction_bytes_limit: 274877906944
2023/01/19-08:31:42.117133 7f2bbe351ac0       Options.rate_limit_delay_max_milliseconds: 100
2023/01/19-08:31:42.117134 7f2bbe351ac0                Options.disable_auto_compactions: 0
2023/01/19-08:31:42.117137 7f2bbe351ac0                        Options.compaction_style: kCompactionStyleLevel
2023/01/19-08:31:42.117139 7f2bbe351ac0                          Options.compaction_pri: kMinOverlappingRatio
2023/01/19-08:31:42.117139 7f2bbe351ac0 Options.compaction_options_universal.size_ratio: 1
2023/01/19-08:31:42.117140 7f2bbe351ac0 Options.compaction_options_universal.min_merge_width: 2
2023/01/19-08:31:42.117141 7f2bbe351ac0 Options.compaction_options_universal.max_merge_width: 4294967295
2023/01/19-08:31:42.117142 7f2bbe351ac0 Options.compaction_options_universal.max_size_amplification_percent: 200
2023/01/19-08:31:42.117142 7f2bbe351ac0 Options.compaction_options_universal.compression_size_percent: -1
2023/01/19-08:31:42.117144 7f2bbe351ac0 Options.compaction_options_universal.stop_style: kCompactionStopStyleTotalSize
2023/01/19-08:31:42.117144 7f2bbe351ac0 Options.compaction_options_fifo.max_table_files_size: 1073741824
2023/01/19-08:31:42.117145 7f2bbe351ac0 Options.compaction_options_fifo.allow_compaction: 0
2023/01/19-08:31:42.117166 7f2bbe351ac0                   Options.table_properties_collectors: 
2023/01/19-08:31:42.117167 7f2bbe351ac0                   Options.inplace_update_support: 0
2023/01/19-08:31:42.117167 7f2bbe351ac0                 Options.inplace_update_num_locks: 10000
2023/01/19-08:31:42.117168 7f2bbe351ac0               Options.memtable_prefix_bloom_size_ratio: 0.000000
2023/01/19-08:31:42.117169 7f2bbe351ac0               Options.memtable_whole_key_filtering: 0
2023/01/19-08:31:42.117170 7f2bbe351ac0   Options.memtable_huge_page_size: 0
2023/01/19-08:31:42.117171 7f2bbe351ac0                           Options.bloom_locality: 0
2023/01/19-08:31:42.117171 7f2bbe351ac0                    Options.max_successive_merges: 0
2023/01/19-08:31:42.117172 7f2bbe351ac0                Options.optimize_filters_for_hits: 0
2023/01/19-08:31:42.117173 7f2bbe351ac0                Options.paranoid_file_checks: 0
2023/01/19-08:31:42.117174 7f2bbe351ac0                Options.force_consistency_checks: 1
2023/01/19-08:31:42.117175 7f2bbe351ac0                Options.report_bg_io_stats: 0
2023/01/19-08:31:42.117175 7f2bbe351ac0                               Options.ttl: 2592000
2023/01/19-08:31:42.117176 7f2bbe351ac0          Options.periodic_compaction_seconds: 0
2023/01/19-08:31:42.117177 7f2bbe351ac0                    Options.enable_blob_files: false
2023/01/19-08:31:42.117178 7f2bbe351ac0                        Options.min_blob_size: 0
2023/01/19-08:31:42.117179 7f2bbe351ac0                       Options.blob_file_size: 268435456
2023/01/19-08:31:42.117180 7f2bbe351ac0                Options.blob_compression_type: NoCompression
2023/01/19-08:31:42.117180 7f2bbe351ac0       Options.enable_blob_garbage_collection: false
2023/01/19-08:31:42.117181 7f2bbe351ac0   Options.blob_garbage_collection_age_cutoff: 0.250000
2023/01/19-08:31:42.121763 7f2bbe351ac0 [db/version_set.cc:4798] Recovered from manifest file:/home/marcols/motokobootcamp2023-coreproject/.dfx/network/local/state/replicated_state/node-100/ic_consensus_pool/consensus/MANIFEST-000001 succeeded,manifest_file_number is 1, next_file_number is 3, last_sequence is 0, log_number is 0,prev_log_number is 0,max_column_family is 0,min_log_number_to_keep is 0
2023/01/19-08:31:42.121781 7f2bbe351ac0 [db/version_set.cc:4813] Column family [default] (ID 0), log number is 0
2023/01/19-08:31:42.121919 7f2bbe351ac0 [db/version_set.cc:4112] Creating manifest 3
2023/01/19-08:31:42.137892 7f2bbe351ac0 [db/column_family.cc:595] --------------- Options for column family [RB]:
2023/01/19-08:31:42.137909 7f2bbe351ac0               Options.comparator: leveldb.BytewiseComparator
2023/01/19-08:31:42.137911 7f2bbe351ac0           Options.merge_operator: None
2023/01/19-08:31:42.137915 7f2bbe351ac0        Options.compaction_filter: filter_outdated
2023/01/19-08:31:42.137917 7f2bbe351ac0        Options.compaction_filter_factory: None
2023/01/19-08:31:42.137918 7f2bbe351ac0  Options.sst_partitioner_factory: None
2023/01/19-08:31:42.137919 7f2bbe351ac0         Options.memtable_factory: SkipListFactory
2023/01/19-08:31:42.137920 7f2bbe351ac0            Options.table_factory: BlockBasedTable
2023/01/19-08:31:42.137949 7f2bbe351ac0            table_factory options:   flush_block_policy_factory: FlushBlockBySizePolicyFactory (0x56448766e560)
  cache_index_and_filter_blocks: 0
  cache_index_and_filter_blocks_with_high_priority: 1
  pin_l0_filter_and_index_blocks_in_cache: 0
  pin_top_level_index_and_filter: 1
  index_type: 0
  data_block_index_type: 0
  index_shortening: 1
  data_block_hash_table_util_ratio: 0.750000
  hash_index_allow_collision: 1
  checksum: 1
  no_block_cache: 0
  block_cache: 0x564487679230
  block_cache_name: LRUCache
  block_cache_options:
    capacity : 8388608
    num_shard_bits : 4
    strict_capacity_limit : 0
    memory_allocator : None
    high_pri_pool_ratio: 0.000
  block_cache_compressed: (nil)
  persistent_cache: (nil)
  block_size: 4096
  block_size_deviation: 10
  block_restart_interval: 16
  index_block_restart_interval: 1
  metadata_block_size: 4096
  partition_filters: 0
  use_delta_encoding: 1
  filter_policy: nullptr
  whole_key_filtering: 1
  verify_compression: 0
  read_amp_bytes_per_bit: 0
  format_version: 4
  enable_index_compression: 1
  block_align: 0
2023/01/19-08:31:42.137951 7f2bbe351ac0        Options.write_buffer_size: 67108864
2023/01/19-08:31:42.137952 7f2bbe351ac0  Options.max_write_buffer_number: 2
2023/01/19-08:31:42.137954 7f2bbe351ac0          Options.compression: NoCompression
2023/01/19-08:31:42.137955 7f2bbe351ac0                  Options.bottommost_compression: Disabled
2023/01/19-08:31:42.137956 7f2bbe351ac0       Options.prefix_extractor: nullptr
2023/01/19-08:31:42.137957 7f2bbe351ac0   Options.memtable_insert_with_hint_prefix_extractor: nullptr
2023/01/19-08:31:42.137958 7f2bbe351ac0             Options.num_levels: 7
2023/01/19-08:31:42.137959 7f2bbe351ac0        Options.min_write_buffer_number_to_merge: 1
2023/01/19-08:31:42.137960 7f2bbe351ac0     Options.max_write_buffer_number_to_maintain: 0
2023/01/19-08:31:42.137961 7f2bbe351ac0     Options.max_write_buffer_size_to_maintain: 0
2023/01/19-08:31:42.137962 7f2bbe351ac0            Options.bottommost_compression_opts.window_bits: -14
2023/01/19-08:31:42.137962 7f2bbe351ac0                  Options.bottommost_compression_opts.level: 32767
2023/01/19-08:31:42.137963 7f2bbe351ac0               Options.bottommost_compression_opts.strategy: 0
2023/01/19-08:31:42.137964 7f2bbe351ac0         Options.bottommost_compression_opts.max_dict_bytes: 0
2023/01/19-08:31:42.137965 7f2bbe351ac0         Options.bottommost_compression_opts.zstd_max_train_bytes: 0
2023/01/19-08:31:42.137966 7f2bbe351ac0         Options.bottommost_compression_opts.parallel_threads: 1
2023/01/19-08:31:42.137966 7f2bbe351ac0                  Options.bottommost_compression_opts.enabled: false
2023/01/19-08:31:42.137967 7f2bbe351ac0            Options.compression_opts.window_bits: -14
2023/01/19-08:31:42.137968 7f2bbe351ac0                  Options.compression_opts.level: 32767
2023/01/19-08:31:42.137969 7f2bbe351ac0               Options.compression_opts.strategy: 0
2023/01/19-08:31:42.137970 7f2bbe351ac0         Options.compression_opts.max_dict_bytes: 0
2023/01/19-08:31:42.137971 7f2bbe351ac0         Options.compression_opts.zstd_max_train_bytes: 0
2023/01/19-08:31:42.137971 7f2bbe351ac0         Options.compression_opts.parallel_threads: 1
2023/01/19-08:31:42.137972 7f2bbe351ac0                  Options.compression_opts.enabled: false
2023/01/19-08:31:42.138028 7f2bbe351ac0      Options.level0_file_num_compaction_trigger: 4
2023/01/19-08:31:42.138030 7f2bbe351ac0          Options.level0_slowdown_writes_trigger: 20
2023/01/19-08:31:42.138031 7f2bbe351ac0              Options.level0_stop_writes_trigger: 36
2023/01/19-08:31:42.138032 7f2bbe351ac0                   Options.target_file_size_base: 67108864
2023/01/19-08:31:42.138033 7f2bbe351ac0             Options.target_file_size_multiplier: 1
2023/01/19-08:31:42.138034 7f2bbe351ac0                Options.max_bytes_for_level_base: 268435456
2023/01/19-08:31:42.138034 7f2bbe351ac0 Options.level_compaction_dynamic_level_bytes: 0
2023/01/19-08:31:42.138035 7f2bbe351ac0          Options.max_bytes_for_level_multiplier: 10.000000
2023/01/19-08:31:42.138038 7f2bbe351ac0 Options.max_bytes_for_level_multiplier_addtl[0]: 1
2023/01/19-08:31:42.138038 7f2bbe351ac0 Options.max_bytes_for_level_multiplier_addtl[1]: 1
2023/01/19-08:31:42.138039 7f2bbe351ac0 Options.max_bytes_for_level_multiplier_addtl[2]: 1
2023/01/19-08:31:42.138040 7f2bbe351ac0 Options.max_bytes_for_level_multiplier_addtl[3]: 1
2023/01/19-08:31:42.138041 7f2bbe351ac0 Options.max_bytes_for_level_multiplier_addtl[4]: 1
2023/01/19-08:31:42.138041 7f2bbe351ac0 Options.max_bytes_for_level_multiplier_addtl[5]: 1
2023/01/19-08:31:42.138042 7f2bbe351ac0 Options.max_bytes_for_level_multiplier_addtl[6]: 1
2023/01/19-08:31:42.138043 7f2bbe351ac0       Options.max_sequential_skip_in_iterations: 8
2023/01/19-08:31:42.138044 7f2bbe351ac0                    Options.max_compaction_bytes: 1677721600
2023/01/19-08:31:42.138044 7f2bbe351ac0                        Options.arena_block_size: 8388608
2023/01/19-08:31:42.138045 7f2bbe351ac0   Options.soft_pending_compaction_bytes_limit: 68719476736
2023/01/19-08:31:42.138046 7f2bbe351ac0   Options.hard_pending_compaction_bytes_limit: 274877906944
2023/01/19-08:31:42.138047 7f2bbe351ac0       Options.rate_limit_delay_max_milliseconds: 100
2023/01/19-08:31:42.138047 7f2bbe351ac0                Options.disable_auto_compactions: 1
2023/01/19-08:31:42.138051 7f2bbe351ac0                        Options.compaction_style: kCompactionStyleLevel
2023/01/19-08:31:42.138052 7f2bbe351ac0                          Options.compaction_pri: kMinOverlappingRatio
2023/01/19-08:31:42.138053 7f2bbe351ac0 Options.compaction_options_universal.size_ratio: 1
2023/01/19-08:31:42.138054 7f2bbe351ac0 Options.compaction_options_universal.min_merge_width: 2
2023/01/19-08:31:42.138055 7f2bbe351ac0 Options.compaction_options_universal.max_merge_width: 4294967295
2023/01/19-08:31:42.138056 7f2bbe351ac0 Options.compaction_options_universal.max_size_amplification_percent: 200
2023/01/19-08:31:42.138057 7f2bbe351ac0 Options.compaction_options_universal.compression_size_percent: -1
2023/01/19-08:31:42.138058 7f2bbe351ac0 Options.compaction_options_universal.stop_style: kCompactionStopStyleTotalSize
2023/01/19-08:31:42.138059 7f2bbe351ac0 Options.compaction_options_fifo.max_table_files_size: 1073741824
2023/01/19-08:31:42.138060 7f2bbe351ac0 Options.compaction_options_fifo.allow_compaction: 0
2023/01/19-08:31:42.138072 7f2bbe351ac0                   Options.table_properties_collectors: 
2023/01/19-08:31:42.138073 7f2bbe351ac0                   Options.inplace_update_support: 0
2023/01/19-08:31:42.138073 7f2bbe351ac0                 Options.inplace_update_num_locks: 10000
2023/01/19-08:31:42.138074 7f2bbe351ac0               Options.memtable_prefix_bloom_size_ratio: 0.000000
2023/01/19-08:31:42.138075 7f2bbe351ac0               Options.memtable_whole_key_filtering: 0
2023/01/19-08:31:42.138076 7f2bbe351ac0   Options.memtable_huge_page_size: 0
2023/01/19-08:31:42.138077 7f2bbe351ac0                           Options.bloom_locality: 0
2023/01/19-08:31:42.138077 7f2bbe351ac0                    Options.max_successive_merges: 0
2023/01/19-08:31:42.138078 7f2bbe351ac0                Options.optimize_filters_for_hits: 0
2023/01/19-08:31:42.138079 7f2bbe351ac0                Options.paranoid_file_checks: 0
2023/01/19-08:31:42.138079 7f2bbe351ac0                Options.force_consistency_checks: 1
2023/01/19-08:31:42.138091 7f2bbe351ac0                Options.report_bg_io_stats: 0
2023/01/19-08:31:42.138092 7f2bbe351ac0                               Options.ttl: 2592000
2023/01/19-08:31:42.138092 7f2bbe351ac0          Options.periodic_compaction_seconds: 2592000
2023/01/19-08:31:42.138093 7f2bbe351ac0                    Options.enable_blob_files: false
2023/01/19-08:31:42.138094 7f2bbe351ac0                        Options.min_blob_size: 0
2023/01/19-08:31:42.138095 7f2bbe351ac0                       Options.blob_file_size: 268435456
2023/01/19-08:31:42.138096 7f2bbe351ac0                Options.blob_compression_type: NoCompression
2023/01/19-08:31:42.138097 7f2bbe351ac0       Options.enable_blob_garbage_collection: false
2023/01/19-08:31:42.138097 7f2bbe351ac0   Options.blob_garbage_collection_age_cutoff: 0.250000
2023/01/19-08:31:42.138194 7f2bbe351ac0 [db/db_impl/db_impl.cc:2654] Created column family [RB] (ID 1)
2023/01/19-08:31:42.146393 7f2bbe351ac0 [db/column_family.cc:595] --------------- Options for column family [FZ]:
2023/01/19-08:31:42.146411 7f2bbe351ac0               Options.comparator: leveldb.BytewiseComparator
2023/01/19-08:31:42.146413 7f2bbe351ac0           Options.merge_operator: None
2023/01/19-08:31:42.146416 7f2bbe351ac0        Options.compaction_filter: filter_outdated
2023/01/19-08:31:42.146418 7f2bbe351ac0        Options.compaction_filter_factory: None
2023/01/19-08:31:42.146419 7f2bbe351ac0  Options.sst_partitioner_factory: None
2023/01/19-08:31:42.146420 7f2bbe351ac0         Options.memtable_factory: SkipListFactory
2023/01/19-08:31:42.146420 7f2bbe351ac0            Options.table_factory: BlockBasedTable
2023/01/19-08:31:42.146453 7f2bbe351ac0            table_factory options:   flush_block_policy_factory: FlushBlockBySizePolicyFactory (0x564487675930)
  cache_index_and_filter_blocks: 0
  cache_index_and_filter_blocks_with_high_priority: 1
  pin_l0_filter_and_index_blocks_in_cache: 0
  pin_top_level_index_and_filter: 1
  index_type: 0
  data_block_index_type: 0
  index_shortening: 1
  data_block_hash_table_util_ratio: 0.750000
  hash_index_allow_collision: 1
  checksum: 1
  no_block_cache: 0
  block_cache: 0x56448767b370
  block_cache_name: LRUCache
  block_cache_options:
    capacity : 8388608
    num_shard_bits : 4
    strict_capacity_limit : 0
    memory_allocator : None
    high_pri_pool_ratio: 0.000
  block_cache_compressed: (nil)
  persistent_cache: (nil)
  block_size: 4096
  block_size_deviation: 10
  block_restart_interval: 16
  index_block_restart_interval: 1
  metadata_block_size: 4096
  partition_filters: 0
  use_delta_encoding: 1
  filter_policy: nullptr
  whole_key_filtering: 1
  verify_compression: 0
  read_amp_bytes_per_bit: 0
  format_version: 4
  enable_index_compression: 1
  block_align: 0
2023/01/19-08:31:42.146455 7f2bbe351ac0        Options.write_buffer_size: 67108864
2023/01/19-08:31:42.146456 7f2bbe351ac0  Options.max_write_buffer_number: 2
2023/01/19-08:31:42.146457 7f2bbe351ac0          Options.compression: NoCompression
2023/01/19-08:31:42.146458 7f2bbe351ac0                  Options.bottommost_compression: Disabled
2023/01/19-08:31:42.146459 7f2bbe351ac0       Options.prefix_extractor: nullptr
2023/01/19-08:31:42.146460 7f2bbe351ac0   Options.memtable_insert_with_hint_prefix_extractor: nullptr
2023/01/19-08:31:42.146461 7f2bbe351ac0             Options.num_levels: 7
2023/01/19-08:31:42.146462 7f2bbe351ac0        Options.min_write_buffer_number_to_merge: 1
2023/01/19-08:31:42.146463 7f2bbe351ac0     Options.max_write_buffer_number_to_maintain: 0
2023/01/19-08:31:42.146464 7f2bbe351ac0     Options.max_write_buffer_size_to_maintain: 0
2023/01/19-08:31:42.146464 7f2bbe351ac0            Options.bottommost_compression_opts.window_bits: -14
2023/01/19-08:31:42.146465 7f2bbe351ac0                  Options.bottommost_compression_opts.level: 32767
2023/01/19-08:31:42.146466 7f2bbe351ac0               Options.bottommost_compression_opts.strategy: 0
2023/01/19-08:31:42.146467 7f2bbe351ac0         Options.bottommost_compression_opts.max_dict_bytes: 0
2023/01/19-08:31:42.146468 7f2bbe351ac0         Options.bottommost_compression_opts.zstd_max_train_bytes: 0
2023/01/19-08:31:42.146469 7f2bbe351ac0         Options.bottommost_compression_opts.parallel_threads: 1
2023/01/19-08:31:42.146470 7f2bbe351ac0                  Options.bottommost_compression_opts.enabled: false
2023/01/19-08:31:42.146471 7f2bbe351ac0            Options.compression_opts.window_bits: -14
2023/01/19-08:31:42.146472 7f2bbe351ac0                  Options.compression_opts.level: 32767
2023/01/19-08:31:42.146472 7f2bbe351ac0               Options.compression_opts.strategy: 0
2023/01/19-08:31:42.146473 7f2bbe351ac0         Options.compression_opts.max_dict_bytes: 0
2023/01/19-08:31:42.146474 7f2bbe351ac0         Options.compression_opts.zstd_max_train_bytes: 0
2023/01/19-08:31:42.146475 7f2bbe351ac0         Options.compression_opts.parallel_threads: 1
2023/01/19-08:31:42.146476 7f2bbe351ac0                  Options.compression_opts.enabled: false
2023/01/19-08:31:42.146501 7f2bbe351ac0      Options.level0_file_num_compaction_trigger: 4
2023/01/19-08:31:42.146504 7f2bbe351ac0          Options.level0_slowdown_writes_trigger: 20
2023/01/19-08:31:42.146505 7f2bbe351ac0              Options.level0_stop_writes_trigger: 36
2023/01/19-08:31:42.146506 7f2bbe351ac0                   Options.target_file_size_base: 67108864
2023/01/19-08:31:42.146506 7f2bbe351ac0             Options.target_file_size_multiplier: 1
2023/01/19-08:31:42.146507 7f2bbe351ac0                Options.max_bytes_for_level_base: 268435456
2023/01/19-08:31:42.146508 7f2bbe351ac0 Options.level_compaction_dynamic_level_bytes: 0
2023/01/19-08:31:42.146509 7f2bbe351ac0          Options.max_bytes_for_level_multiplier: 10.000000
2023/01/19-08:31:42.146513 7f2bbe351ac0 Options.max_bytes_for_level_multiplier_addtl[0]: 1
2023/01/19-08:31:42.146514 7f2bbe351ac0 Options.max_bytes_for_level_multiplier_addtl[1]: 1
2023/01/19-08:31:42.146515 7f2bbe351ac0 Options.max_bytes_for_level_multiplier_addtl[2]: 1
2023/01/19-08:31:42.146516 7f2bbe351ac0 Options.max_bytes_for_level_multiplier_addtl[3]: 1
2023/01/19-08:31:42.146517 7f2bbe351ac0 Options.max_bytes_for_level_multiplier_addtl[4]: 1
2023/01/19-08:31:42.146518 7f2bbe351ac0 Options.max_bytes_for_level_multiplier_addtl[5]: 1
2023/01/19-08:31:42.146519 7f2bbe351ac0 Options.max_bytes_for_level_multiplier_addtl[6]: 1
2023/01/19-08:31:42.146523 7f2bbe351ac0       Options.max_sequential_skip_in_iterations: 8
2023/01/19-08:31:42.146526 7f2bbe351ac0                    Options.max_compaction_bytes: 1677721600
2023/01/19-08:31:42.146527 7f2bbe351ac0                        Options.arena_block_size: 8388608
2023/01/19-08:31:42.146528 7f2bbe351ac0   Options.soft_pending_compaction_bytes_limit: 68719476736
2023/01/19-08:31:42.146529 7f2bbe351ac0   Options.hard_pending_compaction_bytes_limit: 274877906944
2023/01/19-08:31:42.146530 7f2bbe351ac0       Options.rate_limit_delay_max_milliseconds: 100
2023/01/19-08:31:42.146531 7f2bbe351ac0                Options.disable_auto_compactions: 1
2023/01/19-08:31:42.146534 7f2bbe351ac0                        Options.compaction_style: kCompactionStyleLevel
2023/01/19-08:31:42.146536 7f2bbe351ac0                          Options.compaction_pri: kMinOverlappingRatio
2023/01/19-08:31:42.146537 7f2bbe351ac0 Options.compaction_options_universal.size_ratio: 1
2023/01/19-08:31:42.146537 7f2bbe351ac0 Options.compaction_options_universal.min_merge_width: 2
2023/01/19-08:31:42.146538 7f2bbe351ac0 Options.compaction_options_universal.max_merge_width: 4294967295
2023/01/19-08:31:42.146539 7f2bbe351ac0 Options.compaction_options_universal.max_size_amplification_percent: 200
2023/01/19-08:31:42.146540 7f2bbe351ac0 Options.compaction_options_universal.compression_size_percent: -1
2023/01/19-08:31:42.146542 7f2bbe351ac0 Options.compaction_options_universal.stop_style: kCompactionStopStyleTotalSize
2023/01/19-08:31:42.146542 7f2bbe351ac0 Options.compaction_options_fifo.max_table_files_size: 1073741824
2023/01/19-08:31:42.146543 7f2bbe351ac0 Options.compaction_options_fifo.allow_compaction: 0
2023/01/19-08:31:42.146557 7f2bbe351ac0                   Options.table_properties_collectors: 
2023/01/19-08:31:42.146560 7f2bbe351ac0                   Options.inplace_update_support: 0
2023/01/19-08:31:42.146561 7f2bbe351ac0                 Options.inplace_update_num_locks: 10000
2023/01/19-08:31:42.146563 7f2bbe351ac0               Options.memtable_prefix_bloom_size_ratio: 0.000000
2023/01/19-08:31:42.146565 7f2bbe351ac0               Options.memtable_whole_key_filtering: 0
2023/01/19-08:31:42.146566 7f2bbe351ac0   Options.memtable_huge_page_size: 0
2023/01/19-08:31:42.146567 7f2bbe351ac0                           Options.bloom_locality: 0
2023/01/19-08:31:42.146568 7f2bbe351ac0                    Options.max_successive_merges: 0
2023/01/19-08:31:42.146569 7f2bbe351ac0                Options.optimize_filters_for_hits: 0
2023/01/19-08:31:42.146570 7f2bbe351ac0                Options.paranoid_file_checks: 0
2023/01/19-08:31:42.146574 7f2bbe351ac0                Options.force_consistency_checks: 1
2023/01/19-08:31:42.146609 7f2bbe351ac0                Options.report_bg_io_stats: 0
2023/01/19-08:31:42.146612 7f2bbe351ac0                               Options.ttl: 2592000
2023/01/19-08:31:42.146613 7f2bbe351ac0          Options.periodic_compaction_seconds: 2592000
2023/01/19-08:31:42.146613 7f2bbe351ac0                    Options.enable_blob_files: false
2023/01/19-08:31:42.146614 7f2bbe351ac0                        Options.min_blob_size: 0
2023/01/19-08:31:42.146615 7f2bbe351ac0                       Options.blob_file_size: 268435456
2023/01/19-08:31:42.146616 7f2bbe351ac0                Options.blob_compression_type: NoCompression
2023/01/19-08:31:42.146617 7f2bbe351ac0       Options.enable_blob_garbage_collection: false
2023/01/19-08:31:42.146618 7f2bbe351ac0   Options.blob_garbage_collection_age_cutoff: 0.250000
2023/01/19-08:31:42.146706 7f2bbe351ac0 [db/db_impl/db_impl.cc:2654] Created column family [FZ] (ID 2)
2023/01/19-08:31:42.155733 7f2bbe351ac0 [db/column_family.cc:595] --------------- Options for column family [NZ]:
2023/01/19-08:31:42.155750 7f2bbe351ac0               Options.comparator: leveldb.BytewiseComparator
2023/01/19-08:31:42.155752 7f2bbe351ac0           Options.merge_operator: None
2023/01/19-08:31:42.155755 7f2bbe351ac0        Options.compaction_filter: filter_outdated
2023/01/19-08:31:42.155756 7f2bbe351ac0        Options.compaction_filter_factory: None
2023/01/19-08:31:42.155757 7f2bbe351ac0  Options.sst_partitioner_factory: None
2023/01/19-08:31:42.155758 7f2bbe351ac0         Options.memtable_factory: SkipListFactory
2023/01/19-08:31:42.155759 7f2bbe351ac0            Options.table_factory: BlockBasedTable
2023/01/19-08:31:42.155791 7f2bbe351ac0            table_factory options:   flush_block_policy_factory: FlushBlockBySizePolicyFactory (0x564487675b20)
  cache_index_and_filter_blocks: 0
  cache_index_and_filter_blocks_with_high_priority: 1
  pin_l0_filter_and_index_blocks_in_cache: 0
  pin_top_level_index_and_filter: 1
  index_type: 0
  data_block_index_type: 0
  index_shortening: 1
  data_block_hash_table_util_ratio: 0.750000
  hash_index_allow_collision: 1
  checksum: 1
  no_block_cache: 0
  block_cache: 0x56448767d4b0
  block_cache_name: LRUCache
  block_cache_options:
    capacity : 8388608
    num_shard_bits : 4
    strict_capacity_limit : 0
    memory_allocator : None
    high_pri_pool_ratio: 0.000
  block_cache_compressed: (nil)
  persistent_cache: (nil)
  block_size: 4096
  block_size_deviation: 10
  block_restart_interval: 16
  index_block_restart_interval: 1
  metadata_block_size: 4096
  partition_filters: 0
  use_delta_encoding: 1
  filter_policy: nullptr
  whole_key_filtering: 1
  verify_compression: 0
  read_amp_bytes_per_bit: 0
  format_version: 4
  enable_index_compression: 1
  block_align: 0
2023/01/19-08:31:42.155792 7f2bbe351ac0        Options.write_buffer_size: 67108864
2023/01/19-08:31:42.155793 7f2bbe351ac0  Options.max_write_buffer_number: 2
2023/01/19-08:31:42.155795 7f2bbe351ac0          Options.compression: NoCompression
2023/01/19-08:31:42.155796 7f2bbe351ac0                  Options.bottommost_compression: Disabled
2023/01/19-08:31:42.155796 7f2bbe351ac0       Options.prefix_extractor: nullptr
2023/01/19-08:31:42.155797 7f2bbe351ac0   Options.memtable_insert_with_hint_prefix_extractor: nullptr
2023/01/19-08:31:42.155798 7f2bbe351ac0             Options.num_levels: 7
2023/01/19-08:31:42.155799 7f2bbe351ac0        Options.min_write_buffer_number_to_merge: 1
2023/01/19-08:31:42.155800 7f2bbe351ac0     Options.max_write_buffer_number_to_maintain: 0
2023/01/19-08:31:42.155801 7f2bbe351ac0     Options.max_write_buffer_size_to_maintain: 0
